32 150 1
-0.205734 0.376616 -0.400354 0.0978795 0.0437795 0.372425 -0.0782565 0.118232 0.564942 0.211443 -0.196237 -0.107948 -0.448307 -0.198447 -0.580701 0.145018 -0.288659 -0.413267 0.467116 -0.00854297 0.43614 -0.185425 0.290391 -0.316287 0.539868 0.415578 -0.122914 -0.159703 -0.159623 0.335036 0.391195 0.00382532 -0.0208109
0.11426 -0.4463 -0.64145 -0.470181 0.104546 0.60295 0.0238618 -0.337231 0.134416 0.763471 -0.118293 -0.443093 -0.365047 0.992706 1.00912 -0.0975704 0.743118 -0.694032 0.0426137 -0.676002 -0.678407 0.110206 -0.0882769 0.279094 0.312281 -0.1579 0.164539 -0.577201 -0.694958 0.2714 0.153092 1.45641 2.69579
1.0759 -0.0387938 0.152549 0.459654 -0.456031 0.34591 -0.453835 -0.754965 0.890074 0.467171 -0.352235 0.336758 0.145276 -0.139974 0.113098 -0.177089 0.110738 -0.102546 -0.0687548 0.182956 0.374336 -0.603113 0.0801463 0.546922 0.0865256 0.156033 0.539107 0.170866 -0.0419642 0.492761 -0.0460383 0.0016078 -0.0762106
-0.307086 0.103427 -0.445764 0.173729 -0.497598 0.864415 0.426096 0.312501 0.128734 0.130284 0.88529 -0.508325 -0.413613 -0.733688 -0.409879 -0.264576 -0.601055 0.192616 0.257127 -0.30386 -0.131127 -0.361762 -0.103603 -0.674321 0.0509874 0.404123 0.311829 -0.0746849 0.327417 0.0685552 0.0905191 0.136201 0.561841
-0.354652 -0.618762 -0.472676 1.14706 0.701581 -0.86049 0.157791 -1.28319 0.152077 0.514493 -0.25492 -0.259671 1.47464 -1.49557 0.169734 0.292067 -0.431058 0.479578 0.0841121 -1.00932 -0.100992 0.0349994 0.162328 0.445123 0.887864 1.07282 -0.0911798 0.539061 0.168768 -0.143667 0.627577 0.84393 -0.896766
0.704843 0.731621 0.434691 -1.05091 -0.255478 0.00923949 1.08416 0.51485 -0.0734767 -0.754113 -0.279177 0.283527 -0.712132 0.526074 -0.323019 -0.279224 -0.51325 0.533211 0.145127 -0.417726 0.445742 -0.356528 -0.397184 0.629977 0.531155 0.104098 -0.519237 -0.164297 0.379142 -0.829745 1.06095 -0.195511 0.600642
-0.328655 0.543219 0.0416442 0.0674558 0.618823 -0.359363 -0.0161341 0.489072 0.362351 -0.0506826 0.711261 0.11957 0.196818 -0.706613 -0.548845 0.124251 -0.376778 0.204662 -0.0268033 -0.343055 0.382206 -0.819414 -0.320951 0.890922 -0.295489 0.218208 -0.102433 0.608445 -0.318121 -0.600455 0.0248601 -0.20896 -0.533664
0.175838 -1.17629 1.33712 -0.772493 -0.6931 0.660719 -0.642246 -0.155016 -0.455474 0.711474 0.528059 -0.453041 1.08951 -0.509392 -0.805806 -0.521424 -0.272593 -0.0619554 -0.0451306 -0.326397 1.02639 1.24695 0.595456 -0.406239 -0.00118181 0.241376 0.149848 -1.05439 -0.147455 -0.852425 -0.166799 0.0810118 -0.696303
-0.410439 0.459499 0.302925 -0.445873 0.76185 -0.0579425 0.453797 0.162633 -0.465529 0.446067 0.0891291 0.0765365 -0.577222 0.477479 0.436646 0.1232 -0.046894 -0.107507 -0.236134 0.279701 0.0617736 0.0126904 0.0757763 0.18223 -0.549791 0.236225 -0.168331 -0.318808 -0.254027 0.352649 -0.160062 0.0510727 0.24308
-0.248494 -0.246741 0.426132 -0.324147 -0.34306 -0.695717 0.528257 -0.488073 0.556281 0.102864 -0.363969 -0.0874546 -0.260013 0.732016 0.364181 -0.0103044 -0.416016 -0.0947061 0.00377041 0.0362564 -0.561591 -0.016371 0.0661257 0.289216 -0.157044 -0.515378 -0.0919757 -0.0670038 -0.0664614 0.362491 -0.196785 0.332267 0.143753
1.46525 -0.0313159 0.492542 -0.0571103 -0.577858 -0.00399448 0.28032 0.563801 0.697118 0.185501 -1.09708 0.146017 0.24655 -0.537402 -0.437806 -0.779187 -0.061179 0.407563 -0.43889 -0.913158 0.0490666 -0.676085 0.367431 0.632696 -0.308628 -0.243013 0.393737 -0.204151 0.561537 0.464934 0.540982 -0.376672 0.156213
-0.236863 0.0495023 0.385422 0.375378 0.523793 0.0951235 0.373001 0.491998 0.236139 -0.338273 -0.22244 0.452534 -0.333185 -0.191225 0.0538477 0.384242 -0.142889 0.348611 -0.328952 -0.161004 0.122101 0.302147 0.136248 0.481291 0.388596 0.460422 -0.174134 0.0475438 -0.0396679 0.272811 0.492044 0.544208 -0.466393
0.263627 0.195246 1.32857 -0.180524 0.209011 -0.511532 1.24662 0.789278 -0.213417 -0.115088 0.311924 -0.374339 0.147623 -0.360711 0.354544 -0.655636 -0.119234 0.305048 0.0193896 0.157322 -0.134191 0.105676 -0.307679 0.237535 0.96286 -0.441563 0.622185 -0.330536 -1.29156 0.267355 0.244965 0.35736 1.29161
0.166846 0.337406 -0.785472 -0.490277 0.282768 0.601582 0.293931 0.0238756 0.342652 -0.269458 -0.437829 -0.055529 0.134939 -0.217137 -0.0804647 -0.0827197 -0.344701 -0.384045 -0.30815 0.272461 0.132274 0.341258 0.224022 0.146214 0.274332 -0.161752 0.143654 0.245972 -0.368266 -0.0700346 -0.0151455 0.0462502 -0.450445
-0.203049 0.853305 -1.27566 -0.296709 0.0247135 0.315193 -0.289742 -0.00944005 0.982591 0.32739 -0.324253 0.110012 -0.628736 -0.0204247 0.0694923 -0.254474 -1.25755 0.0618172 0.637246 0.39008 -0.250058 -0.911883 0.121869 -1.11308 -1.34712 -0.905275 0.542025 0.65269 0.829698 0.135287 -0.0015104 -0.449823 -1.40081
-0.485904 0.448909 -0.197656 0.199766 -0.518489 0.452149 0.0959878 0.100662 -0.265703 0.444603 0.0100228 -0.319281 0.0462651 0.223887 -0.320938 0.248828 0.251963 0.458393 0.260227 -0.193035 0.0354992 -0.377848 -0.0151755 0.358567 0.0762488 -0.306538 0.12565 0.134086 -0.465289 -0.493441 -0.16421 -0.399822 0.37689
-0.122679 0.159067 0.925224 0.347228 0.340451 -0.193817 0.659247 0.618277 -0.258254 0.20791 -0.116512 0.628567 -0.577126 0.15857 0.477392 -0.799015 0.122558 0.67695 0.010702 0.400461 0.0130191 0.0209866 0.00603659 0.418957 0.813433 -0.122753 0.377866 -0.703187 -0.189203 0.32356 0.542257 0.499916 0.444703
0.32898 0.628619 0.165964 -0.819847 0.615642 0.206823 -0.133806 -0.527693 0.459322 -0.389037 -0.691349 0.0417204 -0.337218 -0.245815 0.689105 -0.304029 0.699519 -0.785297 0.257822 0.128057 0.306441 -0.0729134 -0.191998 0.359732 -0.108676 -0.0486877 -0.321027 -0.411136 -0.602509 -0.336612 -0.231413 0.5242 0.869501
-0.190556 -0.264306 -0.692898 -0.303573 0.387247 0.106099 -0.521246 0.368275 0.404111 0.379381 0.323306 -0.218235 -0.135051 -0.622295 -0.432015 -0.0769517 0.123668 0.0150221 -0.214248 0.485746 0.271878 -0.479362 -0.523925 -0.590251 -0.326986 -0.519631 -0.261817 -0.000514583 0.572053 -0.229935 -0.343055 -0.435587 -0.208912
-0.0217452 0.140478 -0.109499 0.610871 -0.203701 0.101624 0.968009 -0.499487 0.541363 -0.520656 -0.255559 0.127976 -0.511006 -0.492273 0.269668 0.438966 -0.704659 -0.100697 0.0893972 -0.100745 -0.187435 0.277033 0.510961 0.209796 0.32078 -0.560452 -0.159713 0.918138 0.470171 0.221337 -0.058703 0.296669 0.809178
-0.711217 0.634247 -0.181089 -0.818038 -0.237901 0.4751 0.118958 0.548242 -0.663049 0.201382 0.545055 0.864504 -0.718195 0.742646 0.256953 -0.50776 1.12495 -0.146759 0.523619 0.744538 0.0428269 -0.329302 0.084711 0.362966 0.845131 -0.445675 0.158081 -0.318791 0.251674 -0.536531 -0.0416027 0.254259 0.0488285
-0.0947305 1.39176 0.579831 -1.14047 0.530483 -0.776767 0.189071 -0.755336 0.221975 0.210783 -0.150502 1.03016 0.338586 -0.543245 0.159072 -0.430155 -0.105857 -0.480995 0.248942 -0.630406 -0.15908 0.275399 0.689622 -0.221048 -0.450961 0.0274088 -0.141124 0.0104125 -0.4197 -0.0588839 0.430488 0.369375 -0.0460826
0.638177 0.994216 -0.413939 -0.328115 0.403681 -0.349167 -0.223417 0.33765 0.373747 -0.623916 0.660569 0.636341 0.34719 -0.701265 -0.415129 -0.737941 -0.343159 -0.882387 -0.112402 0.521246 -0.272316 -0.207725 0.10236 0.59757 0.412547 0.287458 -0.271386 0.0870066 0.244473 -0.874829 -0.611305 -0.278223 -0.446704
0.399328 0.452066 0.390101 -0.578366 -0.700663 1.00744 0.066792 -0.754655 0.325383 -0.200422 -0.777306 -0.00573248 0.0426227 -0.49605 0.313656 -0.140957 0.242152 0.0360223 0.456428 -0.527291 0.68953 0.667973 0.301271 0.420467 0.570738 0.0614138 0.242858 0.11879 0.256487 -0.0833725 0.518701 0.0563908 -0.132353
-0.0216106 -0.05885 -0.0160321 0.693567 0.182818 0.44793 -0.552312 1.21903 -0.625412 0.571341 0.00483287 -0.27119 0.105873 0.167439 0.00991153 0.168876 0.564795 0.217787 -0.431916 -0.241478 -0.752557 0.617673 -0.151678 -0.39235 0.250075 -0.233079 0.146678 -0.219056 -0.77294 0.590674 -0.941752 0.936421 -0.900386
0.389685 -0.276592 0.217794 0.286163 -0.174048 0.0849292 0.358601 -0.359849 0.300728 -0.334404 0.219813 0.167838 -0.137996 0.465863 -0.0920277 0.262071 -0.429223 0.399225 0.417197 0.435029 -0.278668 -0.0936204 -0.150755 -0.0557664 0.156301 0.324874 0.0875129 0.0322559 0.479204 -0.152725 0.0755167 0.351308 0.0789942
-0.0682948 -0.0342778 0.3177 0.340004 0.202128 -0.530329 0.0608037 0.194996 0.450716 -0.0608291 -0.466817 0.123624 0.317269 0.0425209 0.328266 0.186204 0.253013 0.238243 0.329323 -0.411984 -0.431802 -0.205049 0.249181 0.342131 0.36015 -0.188945 0.367084 -0.267443 0.474891 0.306194 0.342005 -0.29384 -0.255803
0.449308 -0.33244 1.19949 0.504309 0.430108 0.0270498 1.21533 -0.18003 -0.123792 -0.60547 1.27698 -0.57801 -0.834748 -0.482968 -0.553977 0.193177 -0.193225 -0.705189 0.0108296 -0.0650228 -0.224822 1.38547 0.728058 0.532469 0.931745 0.771065 -0.467747 0.0258185 -0.852654 -0.227448 0.625275 -0.0394158 1.42508
0.147448 0.318146 -0.554371 -0.937803 0.475509 -0.304397 0.927423 -0.865305 -0.670487 -1.11778 -1.50234 -0.16332 -0.358818 0.79754 -0.541801 0.0901009 -0.631867 0.85766 0.0907611 -0.979169 0.945375 0.0136073 0.16668 1.28901 -0.692784 -0.971678 -0.286744 0.812021 -0.234661 0.0139678 0.0246514 -0.744833 0.523604
-0.556402 -0.114383 0.370018 0.608599 -0.608359 0.0869169 -0.509229 -1.01975 0.0765001 -0.347763 -0.539042 0.25609 0.351596 0.422741 -0.474786 0.407465 0.567103 0.151901 0.617094 0.218716 0.0837536 0.523952 0.483084 0.392768 0.237828 -0.2238 0.0220804 0.162218 -0.335614 0.247064 0.0669058 0.00432786 -0.0136054
-0.314161 0.0807209 -0.0298686 0.181146 0.145161 0.180882 0.30873 0.498451 -0.24814 -0.415924 -0.129392 -0.57831 -0.0587495 -0.418383 0.442205 -0.371421 -0.00805006 0.0303621 -0.0711153 0.0193331 -0.0896957 -0.53662 -0.329038 -0.503005 0.180921 -0.922479 0.213226 -0.131576 0.313292 0.0940835 0.136824 -0.0236506 -1.07792
-0.523087 -0.275621 0.114418 -0.211135 0.533065 0.384329 0.209767 0.388505 -0.00168436 0.577512 -0.0881198 0.0888699 0.373486 -0.118906 0.60179 0.109712 -0.540263 0.30036 0.422853 -0.164992 -0.455967 0.03582 -0.326089 -0.439799 -0.158386 0.178337 0.0977717 0.326024 0.0805789 -0.3012 0.232563 0.162659 0.128873
0.5001 -0.867989 0.381332 0.0611822 0.683051 -0.718744 0.23136 0.648802 0.257101 0.0823795 0.600313 -0.832289 0.033317 0.0251304 -0.668331 -0.221537 0.203837 -0.273899 -0.0767716 -0.294893 0.137408 -0.0939798 -0.317051 -0.0165028 -0.474167 -0.374354 0.239753 -0.177872 0.294623 -0.0520615 0.549742 -0.001955 -0.339354
-0.0331317 1.09108 -0.522042 0.493603 -0.00405331 -0.123104 -0.457673 -0.587374 -0.329632 -0.206702 0.714053 0.784371 -0.0414049 -0.0847826 -0.419125 0.634978 -0.192068 0.0415808 -0.393187 -0.566524 -0.149872 -0.0718774 -0.272049 0.604969 0.827389 0.0853665 -0.105272 0.293652 0.192012 0.259532 -0.145194 -0.253447 0.712516
-0.17204 0.26741 -1.59941 -0.714872 0.0723351 0.398865 -0.598679 -0.531961 0.298461 -0.0355347 -0.627277 0.0826215 -0.197384 -0.195609 -0.0562413 0.576613 -0.653961 0.431286 -0.463102 0.049936 0.166746 -0.888869 0.67177 -0.922969 -1.77959 -0.758387 -0.0216014 1.06195 0.580455 -0.292847 -0.105202 0.162938 -1.79499
0.40981 -0.328207 -0.295784 0.013228 0.272206 -0.100141 -0.44547 0.453223 0.460972 0.291518 -0.126102 -0.27198 -0.275848 0.413686 0.118225 0.321822 -0.506081 -0.206947 0.285311 0.121272 0.475647 -0.0226325 0.154204 0.490006 0.404849 0.0070734 0.25361 -0.0732771 -0.448224 0.11404 0.125502 0.454007 0.335742
0.192373 0.0659204 0.0529391 -0.346828 0.0723781 0.0132561 -0.442248 -0.180324 0.426005 -0.164844 0.0298917 0.342086 0.442306 -0.176628 0.359913 -0.230522 -0.375851 -0.057085 -0.321697 0.115826 -0.391056 -0.325386 0.0098029 0.129493 0.443029 0.445638 0.161286 0.0327367 0.0542874 0.132626 -0.132333 -0.174354 -0.399194
0.459512 -0.240145 0.421241 0.0045755 0.249013 0.317124 -0.0872208 0.356955 0.265046 -0.375844 0.0277218 0.322309 -0.437302 -0.587381 0.464709 -0.183487 -0.157694 0.145856 0.0673139 -0.00563199 -0.323532 -0.401092 -0.26234 -0.527101 0.309549 0.492325 0.00892373 -0.0676979 -0.165616 0.499851 0.120316 -0.402672 -0.263952
-0.134017 0.324936 0.336974 -0.136516 -0.517974 0.322054 -0.113997 -0.189805 0.389695 0.0378167 -0.257188 0.29024 -0.0787807 -0.0970254 -0.588579 0.720148 -0.179769 0.136935 -0.602593 0.100249 0.376251 -0.606282 -0.329976 0.297799 0.0794234 0.269968 -0.489048 -0.0600883 -0.233968 -0.355924 0.343398 0.0499778 0.357128
0.142624 0.317415 1.70667 0.106223 -0.449304 -1.14934 0.192755 0.788113 0.0521556 -0.79007 -0.68898 -0.494258 -0.585897 -0.0601386 -0.817888 0.161992 -0.671076 0.195292 -0.490724 -0.718278 0.30031 1.24385 -0.0026417 1.17188 0.841055 0.0610097 -1.50335 0.429287 -0.57382 0.328265 0.718104 0.268705 1.33506
0.220551 -0.177182 0.93594 0.196474 0.591017 -0.0520926 2.03642 0.0235499 0.267482 0.584209 0.593759 0.432937 -0.431859 0.332985 -0.439519 0.0196417 0.0965147 -0.466641 -0.287852 0.486855 -0.305884 0.727552 -0.136961 0.224085 1.05265 0.948634 -0.429732 -0.447996 -0.432388 0.172298 0.300843 -0.420785 0.970036
0.300263 -0.215019 0.0452893 -0.0232403 -0.0700688 -0.746214 0.373718 0.949731 0.933154 0.82363 0.976404 0.226452 -0.48642 0.0305732 0.873747 0.354718 -0.594164 0.323159 -0.0151573 -0.671134 0.229486 -0.214619 -0.113551 -0.297745 0.394571 0.247859 -0.606323 -0.12527 0.589718 -0.336566 0.517043 0.803188 -1.07546
-0.42132 -0.571653 -0.59508 0.210666 0.505189 0.17527 -0.370828 0.345355 0.214103 -0.0416408 0.346065 0.133976 -0.200732 -0.298757 -0.444602 0.328021 0.120911 -0.37382 0.0300252 -0.149965 0.205306 -0.394271 -0.105493 -0.148563 -0.0992972 -0.0118743 0.461155 0.347064 -0.235945 0.447307 -0.47067 -0.067562 0.403437
-0.47467 -0.391753 0.43116 0.383703 -0.279596 0.261131 0.149805 0.230918 0.161755 -0.30393 0.482464 0.407982 -0.245665 0.262747 0.103346 -0.17508 -0.209342 0.468825 0.474345 -0.0273058 -0.175148 -0.0507185 0.389769 0.321393 -0.0755859 0.198581 -0.416015 -0.12912 0.219876 0.0545376 -0.150447 0.28737 0.133245
-0.288564 0.68283 0.515428 -0.70735 -0.112456 -0.137179 -0.0688354 -0.181136 0.201241 0.0392684 0.661087 0.278866 -0.468661 0.233404 -0.148745 -0.274039 -1.19948 -0.253451 -0.0118 -0.00879442 1.06538 -0.0983357 0.0794481 0.858532 0.288268 -0.219824 -0.691929 1.05889 0.383737 -0.435901 0.147915 0.339802 0.450644
-0.505089 0.700513 -0.527585 -0.737308 0.24871 -0.105107 -0.048821 -0.302108 0.0704087 0.45127 0.0939172 0.115793 0.0682395 0.4249 0.0833798 0.270542 -0.556083 -0.3441 0.193128 -0.0929522 -0.236978 -0.00548891 -0.634825 0.351679 0.327915 -0.538954 -0.593247 0.609345 -0.0490782 -0.554983 0.452296 -0.265552 -0.257876
-0.946335 -0.416211 0.278603 -0.413004 0.469798 -0.376436 0.013633 0.277634 0.229039 0.729155 0.367152 -0.284916 0.359053 -0.326721 0.239207 1.40446 0.680481 -0.401064 -0.692764 -0.313316 -0.506763 -0.418138 0.960809 0.754397 1.17693 0.65901 0.173829 0.188634 0.0853934 0.672551 0.943012 0.563736 -0.449528
0.463658 -0.0109829 -0.00365175 1.02546 -0.845664 0.426097 0.363107 -0.607534 -0.372208 0.609444 0.0206903 -0.685002 0.1218 -0.212107 -0.0204936 0.113738 1.04178 0.229666 0.408403 0.357216 0.248834 -0.317707 -0.78489 -0.0100231 -0.753695 0.327554 0.361628 -0.626192 0.235685 -0.141446 -0.6834 0.197127 -0.276176
-0.403964 -0.111577 -0.324732 0.393552 0.369639 -0.126571 0.0517096 0.219551 0.765824 -0.280794 -0.537339 -0.319491 0.412176 0.0374414 -0.515555 0.384042 0.791651 -0.209951 0.116943 -0.293434 -0.176271 -0.156404 -0.312122 -0.391855 0.0759487 -0.56486 -0.256511 -0.354022 0.569142 0.46478 -0.233486 -0.559205 -0.322412
0.624986 -0.609118 -0.65235 0.164565 -0.41513 0.379495 -0.161106 -0.614267 -0.444641 -0.383847 0.506301 0.678541 -0.343919 0.403218 0.682184 0.110403 -0.20509 -0.605693 -0.49309 0.203353 -0.276556 -0.24807 0.130824 0.31494 -0.154383 0.147872 0.400889 -0.279118 -0.200361 0.482431 -0.238051 0.366052 0.4999
-0.259066 0.150806 -0.492248 -0.8923 -0.372744 -0.300219 -0.0674348 -0.0717765 -1.20306 -0.252126 0.336495 0.105889 -0.279877 -0.442812 -0.381741 -0.445439 -0.400725 0.260568 0.396154 0.267647 -0.0621631 0.262213 0.438761 -0.0685191 -0.113526 -0.428932 -0.151739 0.0631471 0.0622635 0.0364984 -0.092378 0.650159 0.109266
-0.125086 -0.291157 0.004965 -0.0365766 0.00373472 0.302322 -0.0036365 0.279336 -0.053675 -0.250024 0.373404 0.0679535 -0.152674 -0.389818 0.263427 -0.321197 0.273672 -0.204879 0.0824312 -0.100893 -0.219201 0.408048 0.300237 -0.0618161 0.0526756 -0.349103 0.481499 -0.399657 0.00587287 0.458513 -0.205492 0.363659 -0.342869
0.268418 -0.202935 0.65134 0.313485 0.411255 -0.0102267 -1.05687 -0.786435 -0.0425517 0.133897 -0.773729 -0.780141 0.379816 -0.594616 -0.459567 0.347351 -0.116693 0.169507 0.528208 -0.356276 -0.262035 0.198844 0.0576433 -0.0245661 -0.284669 0.360492 -0.610805 -0.117315 -0.669193 0.409009 0.171729 0.5319 -0.447876
-0.257648 -0.0513957 -1.23125 0.0388703 -0.569138 -0.0812501 0.0897179 -0.97393 0.176277 0.131773 -0.234493 -0.45125 0.00532648 -0.14982 -0.526288 -0.288201 -0.5195 0.146914 -0.25115 -0.0193717 0.436023 -0.395221 0.316957 -0.17747 -0.582989 -0.364914 0.233331 -0.521676 0.237183 0.154959 0.284925 0.2549 -1.06014
-0.746652 0.483037 -0.36664 0.269213 0.81146 0.387664 1.66935 1.03908 0.769947 0.375389 -0.117708 -0.0764296 -0.433843 -0.11522 -0.545551 -0.0643015 -0.447258 0.279316 -0.0697127 -0.119781 -0.422192 0.0300935 0.56209 -0.180334 0.149889 0.28094 -0.231858 0.30066 -0.251597 -0.263954 0.377819 -0.361814 0.231977
-1.30365 -0.310546 -0.48192 0.707183 0.499377 -0.0152479 0.0819206 0.597219 0.0981503 0.101535 0.258103 -0.29332 -0.0827427 0.546698 1.26929 -0.489827 -0.314057 -0.123189 0.264948 -0.265045 -0.453412 0.732059 -0.94976 0.444181 -0.00902193 -0.0135575 -0.102316 0.234623 0.00847621 -0.662121 0.727896 -0.449946 -0.572566
-0.397265 0.65652 -0.203917 -0.0876607 -0.222193 1.21391 -0.466944 0.239006 -0.458798 -0.176731 -0.396744 -0.830644 -0.305575 0.161039 0.2257 -0.435996 -0.484857 0.555136 -0.362887 0.498518 -0.883345 0.671367 0.43966 1.07819 -0.61131 -0.185485 -1.14507 -0.331458 0.713813 0.0331897 0.0196682 0.77278 0.676669
-0.285013 -0.445432 -0.202618 -0.402127 -0.20473 -0.174566 -0.416103 -0.110634 -0.139798 0.458248 0.106098 0.619541 0.290737 0.334538 0.0245985 0.281066 -0.510591 -0.465075 0.17706 0.455696 0.6441 0.227096 0.453107 0.606968 0.192157 -0.568097 0.227212 -0.546152 -0.471684 0.120792 -0.353102 0.00667801 0.193997
-0.330337 0.85866 -0.739598 -0.467937 1.0895 0.819541 -0.675471 0.270483 -0.643276 0.685638 0.486316 0.00176241 0.216856 0.294862 -0.143507 0.0968478 0.981233 -0.481285 -0.282533 -0.28433 0.61942 -0.642212 -0.303719 1.14762 0.976457 -0.223278 -0.392355 -0.0570254 -0.136216 0.516269 -0.790434 0.944588 0.638946
-0.415434 -0.0971394 -0.391981 0.419037 0.8391 -0.127639 0.232005 0.44425 0.166297 -0.12802 0.893502 1.38034 0.355206 0.780646 0.967517 -0.912422 0.772685 -0.438757 -0.662949 -0.212761 -0.249034 -0.518383 0.362145 0.186898 0.300884 -0.161153 0.227317 0.574368 -0.0546504 0.202731 -0.152619 0.0116801 -1.48547
0.136351 0.263036 -0.914493 0.772884 0.697559 0.00462344 0.269098 -0.147485 0.777274 0.692901 0.55852 0.0988195 0.0650546 -0.576829 0.0905513 -0.244423 0.557462 -0.4814 0.255517 0.494817 0.340558 -0.66985 -0.002209 -0.876823 -0.445372 0.308818 0.0745724 0.0613379 -0.304582 0.444856 -0.604175 0.857373 -0.0736429
-0.642143 0.920806 -0.757735 -0.303277 0.0507831 0.502108 0.172453 -0.42072 -0.681069 0.132082 -0.478776 -0.765677 0.267979 0.32373 0.539386 0.861183 0.993723 -0.109561 0.36307 -0.338864 -0.166039 0.251374 -0.125708 -0.790843 -0.884351 -0.837826 -0.0837944 0.323632 0.211122 -0.136313 -0.621669 -0.177716 -0.578134
0.632491 0.450518 -0.221191 -0.0160992 1.19744 1.42998 0.973666 0.34708 -0.0487858 -0.0460984 0.458931 -0.574583 0.051886 -0.378594 -0.0878254 -1.35696 -0.259525 -0.832599 0.437475 0.717946 0.332937 1.75556 0.435696 -0.78539 0.0212538 -0.436526 0.341689 0.480058 0.746434 -0.46226 -0.746777 -0.319097 -0.623667
0.209929 0.0422832 -0.891939 0.833798 -0.0915593 -0.254796 -0.799668 -0.271702 -0.0773753 0.481058 0.870835 -0.339514 0.32694 0.375494 1.13873 -0.149831 -0.223292 0.958893 0.582466 -0.209387 -0.428045 0.511853 1.11049 1.04818 0.187808 1.277 0.285668 -0.737542 0.870101 0.191347 -0.166762 0.11297 0.689196
0.941991 0.367887 -0.942046 0.358135 0.824658 -0.104972 0.215753 -0.543653 0.909751 -0.268493 -0.327859 -0.0413419 -0.0410443 -0.356472 -0.413936 -0.429074 -0.759578 -0.1655 0.53088 -0.792907 0.4422 1.01 0.528576 0.0164732 0.605278 -0.382704 -0.119446 -0.115715 0.687499 -0.117642 0.348876 0.241873 0.243737
0.391822 -0.994621 0.0631614 0.177866 0.193726 0.388449 -0.420616 -0.474276 -0.339912 -0.582999 -0.641152 0.202277 -0.514032 0.60154 0.769697 -0.0116473 -0.0273688 -0.45173 0.563465 0.668471 0.695675 -0.222308 -0.274665 0.770454 -0.582666 -0.259439 0.21932 0.126909 -0.249767 0.147631 0.0659763 -0.400291 0.25324
0.540981 0.257214 -0.646906 0.305952 -0.186624 0.202284 -0.0270211 -0.332765 0.509959 0.0904655 0.238096 -0.49468 -0.480747 -0.867506 0.471564 -0.392407 0.371508 0.206595 -0.420535 0.0320373 -0.106184 0.177701 0.186213 0.0623551 -0.0594975 -0.345444 0.304702 -0.204514 0.04009 0.407474 0.238509 -0.0223792 -0.00147732
-0.719925 -0.00621036 0.187399 -0.308281 -0.442093 -0.0593688 -0.444391 -0.170854 -0.214796 0.0698823 0.127166 0.135603 -0.0715002 0.0871213 -0.158134 -0.22124 0.39232 0.202665 0.0822413 0.133866 -0.159792 -0.728571 -0.449839 0.474232 -0.872649 -0.293654 -0.345486 0.774121 -0.420289 0.20771 0.0358886 -0.3705 -0.706745
0.00390164 0.580972 -1.20312 -0.264757 0.655955 -0.479807 0.469043 -0.351793 -0.700836 0.0100767 0.0927743 -1.25301 0.517604 -0.0821624 1.04222 0.0925594 -0.0211591 0.190646 -0.704307 -0.347218 0.371753 0.145918 -0.274532 -0.00820664 0.0546703 -0.395105 -0.17877 0.413894 -0.00864809 0.231742 0.0813569 0.193847 0.0673392
0.949028 0.133374 -0.120424 0.453628 0.391862 0.0677717 0.0735875 -0.572756 0.27994 0.248168 -0.551822 -0.212671 0.610148 -0.347298 -0.396808 -0.0472875 0.303937 0.693762 -1.07102 -0.244931 -0.27494 0.104392 0.28215 -0.839968 -0.456587 0.871446 -0.0541319 0.112199 0.10667 0.0430174 -0.133673 -0.095534 -1.70022
-0.402017 0.482083 0.428359 -0.373478 0.157369 -0.0205026 -0.678756 -0.173256 1.05402 0.117396 0.014299 -0.329126 -0.704511 0.373239 -0.597442 0.0106916 -0.486575 0.352564 -0.571384 0.823332 -0.553904 0.162587 -0.00860851 -0.141992 -1.33336 0.177328 -0.662744 -0.123458 -0.201496 -0.45019 -0.160649 0.330871 -0.675375
-0.321464 -0.346356 0.38099 0.386268 0.0717202 -0.0189601 0.320612 -0.2459 0.433608 -0.0191762 0.113047 0.285867 0.27402 0.169141 -0.393625 0.0420419 -0.443766 0.460304 0.398227 0.343011 0.424459 0.219857 0.309148 0.0698073 0.209497 -0.2356 -0.226874 -0.423033 0.20279 -0.382271 -0.193292 0.361314 -0.144304
-0.542947 1.09872 0.473611 0.0188388 0.809706 -0.993764 -0.057636 -0.541622 1.46442 -0.21399 0.709026 0.615667 -0.558464 0.152917 -0.755681 -0.406057 0.0120348 0.715395 0.141162 0.1352 -0.402483 0.0307037 0.748995 -0.539741 -0.535008 0.566168 -0.688068 -0.596377 -0.0805613 -0.414413 -0.15664 0.00510677 1.02213
-0.0858857 0.969947 0.959227 0.255553 0.477259 0.472831 -0.327574 -0.0467197 0.207746 -0.95794 -0.599802 -0.242173 0.263615 -0.322657 0.0950788 -0.642566 0.829802 0.18285 -0.413613 0.393135 0.0523239 0.267492 0.167129 0.349648 -0.484654 -0.679224 0.345962 -0.34694 -0.0956315 0.42137 -0.577978 -0.42677 0.939274
0.768015 1.61186 0.578558 0.486491 -1.42088 -0.923132 -0.921827 -1.36781 -0.0875039 -0.666996 0.827205 0.341224 -0.908952 1.01953 -0.0902635 1.00472 -0.329036 -0.434967 0.213599 -0.314224 -0.42847 -0.333113 -0.69198 1.1781 0.887274 0.460251 0.490646 0.652522 -0.259918 0.338937 0.231462 -0.855917 0.601858
-0.505166 0.905305 0.0284349 -0.279695 0.529088 -0.586567 1.03321 -0.250038 -0.0688717 0.0474766 0.137269 -0.0469417 0.0719988 0.233213 0.91122 0.481704 -0.388251 0.322653 -0.795698 -1.12992 -0.778742 -0.137468 -0.48704 -0.224199 0.408228 -0.845425 -0.0439808 -0.0366667 0.583135 -0.332264 -0.146999 0.796849 0.495854
0.349475 -0.410532 0.00154358 -0.373847 1.3126 -0.52935 0.237725 0.316229 0.120696 -0.260699 0.248404 0.142347 -0.462068 0.238481 -0.653039 0.501103 0.419326 0.753755 -0.485254 0.0255202 0.0912067 -0.162932 0.747272 -0.222082 -0.385708 -0.569001 0.376082 -0.0520468 0.195839 0.709319 -0.128595 0.449676 -0.20404
0.380106 -0.588047 1.68565 0.703423 -2.05079 0.294887 -0.64213 -0.867362 -0.654135 0.268491 -1.0523 -1.84699 -0.115575 -0.272214 -0.582622 0.512548 -0.191733 0.209981 0.684611 0.25093 0.356016 0.534304 0.221345 -0.434026 0.804944 -0.18317 -0.221501 0.385383 0.044158 -0.525659 0.433649 -0.277209 -0.516248
0.743737 0.499306 0.226783 -0.799859 -0.419011 0.296501 -0.485968 -1.83101 0.0172245 -0.501781 -1.28907 -0.462795 -0.0345999 -0.582256 0.476575 0.280429 0.456454 0.352954 0.117551 0.355645 -0.0876632 -1.11818 0.946127 -1.14767 -0.430751 -0.381464 0.424487 0.0687948 -0.154487 0.270946 0.539878 -0.953443 0.770755
0.102182 -0.459592 -1.05264 -0.464634 0.465212 0.0430627 0.130932 0.455075 -0.0668253 0.509785 0.570308 0.300043 0.170384 -0.45548 -0.0463441 -0.276518 0.615344 0.158556 0.212477 -0.793039 -0.337181 -0.195458 0.565629 0.577412 0.401014 0.939658 -0.205063 -0.270507 -0.134545 -0.0109649 -0.20571 -0.473253 0.360087
-0.0801011 -0.63656 0.320518 -0.0528672 -0.29773 -0.467646 -0.238892 -0.0743771 0.421193 0.540365 0.410075 0.428963 -0.028221 0.112923 0.190949 -0.320166 -0.53879 0.589219 -0.246399 0.0342952 -0.0282954 -0.340381 -0.266328 -0.502322 -0.19795 -0.0610731 -0.462671 0.038129 0.409913 -0.235869 0.110227 0.408679 -0.171564
0.304631 -0.112469 -0.491938 -0.385733 0.92596 0.523832 -0.242101 -0.0649154 -0.129714 0.302861 0.290848 0.921535 0.275689 0.899059 -0.580875 0.460809 -0.549697 0.00167176 0.379322 -0.113812 0.017429 -0.0940264 0.464692 0.781746 0.0238478 0.351971 0.169191 0.469741 -0.0686215 0.0255973 -0.326885 0.0229483 0.595855
0.327718 0.730575 -0.686241 0.661116 0.604619 -0.769915 -1.07401 0.159184 1.20594 0.683582 0.64255 0.0296058 0.139761 0.0331785 0.258823 -0.321335 -0.267959 -0.0449756 0.0740305 -0.0859012 0.585951 -0.894039 -0.41159 0.602971 -0.455577 0.0644174 -0.554574 0.408953 0.921029 -0.32339 0.209633 -0.242416 -1.12385
-0.205901 -0.0824216 -1.65436 1.06543 0.423091 0.92162 -1.74497 -0.809485 0.448564 0.546021 0.395181 -0.0919521 -0.352828 0.237096 0.403427 1.05244 0.268571 0.127733 0.483574 0.788518 0.0527267 -0.92418 0.0998004 -0.671373 -1.06958 0.0568269 0.110784 -0.485547 -0.0403961 -0.040567 -0.390338 0.849557 -1.82762
0.249211 0.441544 0.497817 -0.0598648 0.0644748 -0.277723 1.86508 -0.485608 -0.57644 0.550751 -0.9791 1.06822 0.340623 -0.669996 -0.117629 0.778875 0.359002 0.313829 -0.402261 -1.1003 -0.216439 0.246383 -0.737072 -0.269896 -0.694707 -1.31393 -0.843514 0.609314 0.224545 0.517175 0.230776 -0.367479 -0.91103
0.305678 -0.903513 0.916718 0.507945 0.173305 -0.0752531 -1.03803 0.281116 0.83013 -0.396296 0.203623 0.369376 0.111571 0.0463703 -0.560971 0.215742 -0.608212 0.0374651 0.264171 0.640576 0.463443 0.185305 -0.453906 0.109993 0.352243 0.380491 0.179498 -0.116362 -0.320053 0.319633 -0.454965 0.167136 -0.635025
0.0125168 1.56139 0.0526835 -1.725 0.474083 0.349996 1.12875 0.178833 -0.854335 0.33155 0.808909 0.175792 -0.0650716 0.81607 -0.225942 -0.138274 1.41612 0.576032 0.179071 -0.0642612 0.561965 -1.25103 0.351423 0.3161 0.81952 0.366032 1.00799 -0.994765 -0.683159 0.206397 1.00041 -0.417752 0.327682
-0.145335 -0.54587 0.883542 0.593275 -0.369073 -0.111274 -1.71001 0.118032 -0.449613 -1.23752 -1.45752 -2.0044 -0.613873 -0.0646379 -1.02858 -0.382776 0.00488848 0.541066 -0.137458 -0.684838 -1.1832 0.347688 -1.39389 -0.741841 -0.719388 0.67549 -0.672705 -0.843873 -0.525135 -0.361003 -0.333943 0.0514537 0.237334
0.240247 1.20863 -0.479492 -1.55605 -0.208075 0.295173 0.383597 -0.303811 0.498787 0.262728 0.275487 -0.241163 0.375525 0.088657 0.125341 1.1375 -0.369416 -0.68071 0.507465 0.432438 -0.286291 -1.25706 -0.286161 1.38828 -0.612649 0.123219 -0.502723 0.266032 0.0855474 -0.195398 -0.247489 -0.770164 1.5825
-1.07164 0.67522 -0.159421 0.244542 1.33824 0.0878084 0.333361 -0.421813 0.0726317 0.297846 -0.0447074 0.0152321 0.357927 -0.212266 -0.611663 1.03431 0.403609 1.13573 -1.10248 0.646092 -0.517775 0.0135509 -0.298466 0.657767 0.222066 0.354649 -0.439789 0.076781 -0.259238 0.357409 0.174745 0.164781 -0.0557537
0.491415 0.502426 -0.119045 -0.384576 -0.643316 0.380007 -0.318984 0.186182 -1.08452 -0.200179 0.257191 -0.374299 0.166128 0.251576 -0.661358 -0.161771 0.320101 -0.368735 -0.387905 0.149726 -0.117001 -0.629642 -0.0346065 0.56159 0.254202 0.224221 -0.459757 0.242659 -0.0739934 0.0832241 -0.110674 -0.167587 -0.843411
-0.0591158 -0.550597 -0.542755 0.459164 -1.15094 -1.11941 0.22133 -0.0336437 0.0255344 0.681816 -0.599876 0.433515 0.082983 -0.0929275 -0.699661 0.33468 1.21402 0.526663 0.328392 0.950502 -0.871857 0.0196135 0.613547 0.429333 -0.0562418 0.00974409 0.116655 -0.038468 0.0575138 0.0110871 0.0802019 -0.674134 -1.01154
0.963772 1.27472 -0.897482 -1.20674 -0.227255 0.224699 0.235106 0.402572 0.0250943 0.688245 0.392011 0.120498 0.889293 -0.281027 0.276292 -0.0249663 1.54976 -0.400978 0.46638 0.605561 0.526566 -0.9612 0.0901541 0.0386314 0.979412 0.43201 -0.204127 -0.427451 -0.369259 -0.221269 -0.197598 0.824497 1.25703
0.549481 0.160787 -0.331566 1.1205 -0.43699 0.732815 0.819403 -0.681329 -0.00346745 -0.672947 0.222543 0.31453 -0.0218287 -0.0506222 -0.46602 0.796384 -0.470446 0.594313 -0.202425 -0.329341 -0.601016 -0.760963 0.524725 0.18469 -0.0393071 0.995307 0.537607 -0.0647086 -0.0698413 0.195729 0.458829 -0.450966 -0.895329
0.626256 2.10562 0.987449 0.560954 0.250274 1.14816 -0.153477 0.0372313 0.173304 0.110306 1.34971 -0.00869811 0.117248 -0.469665 -0.143282 0.287589 -0.123289 -0.751742 0.0876533 0.372033 -0.445931 0.649831 0.382838 -0.669535 0.107259 -0.343002 0.139855 -0.448498 0.504481 0.743371 0.626569 0.1022 0.942889
-0.390663 0.00258496 -0.0321554 -0.226424 0.916706 0.36591 0.955019 -0.0213356 1.32988 -0.120213 -0.899943 1.13422 0.530256 0.481209 0.518873 0.528878 -0.279631 -0.413208 0.587827 -0.530424 -0.297187 -0.669736 0.333953 0.988993 0.563761 0.0383259 -0.152146 0.506952 -0.0268151 0.231812 0.557254 0.00519956 -1.09118
-1.82317 -0.344208 0.155633 0.210712 0.980531 0.059036 1.5595 -0.286285 -0.498075 -0.337681 -0.548753 0.658073 -0.471081 0.260042 1.06414 0.0812315 0.783406 0.354224 0.363613 -1.13199 -0.993043 0.566039 0.466039 -0.187351 0.332078 0.0327979 -0.208777 -0.472759 -0.187859 -0.119467 -0.390899 -0.33216 0.103086
-0.454491 -0.587419 -0.405419 0.242787 -0.253897 -0.149801 0.0777584 0.182785 0.30235 0.311113 0.437689 -0.208297 -0.242922 -0.0621568 0.0573388 -0.346292 -0.349477 -0.107053 0.104372 0.653178 -0.169056 0.0557123 0.118169 0.428488 0.201577 -0.447157 0.274102 -0.203465 -0.0298752 -0.425544 0.300995 0.208753 -0.565078
1.09459 0.228656 -0.341114 -0.579508 1.11629 0.0243403 0.678451 -0.115909 -0.391512 -0.202564 0.695265 -1.26959 0.254658 -0.028005 0.194943 0.0154705 -0.183784 -0.106889 -0.113881 -0.863688 -0.427001 -0.12167 0.204484 -1.04235 -0.811464 0.415088 -0.497221 0.0194509 -0.112129 -0.934647 -0.125181 -0.107534 -0.963452
1.10755 0.974849 -0.132527 -0.98373 0.108991 0.492126 -0.191474 -0.748569 -0.0334261 0.287749 0.411949 0.0712909 0.68664 -0.103587 0.268933 -0.481138 -0.0919203 -0.404269 0.00618169 0.578247 0.368994 -0.515776 -0.454815 0.578237 0.38115 0.130833 0.0755177 0.0683258 0.770408 -0.0286791 -0.363146 -0.0182296 0.510325
-0.34339 -0.213918 -0.42127 -0.153317 0.450144 0.0223965 -0.771343 -0.1606 0.188521 0.476499 -0.393 0.21613 -0.216422 0.189209 0.253826 0.0443849 -0.536742 -0.0349726 0.231232 -0.178771 -0.109335 0.0405059 -0.186273 0.127238 -0.282599 -0.379119 0.459326 -0.462081 -0.124943 0.172634 0.134109 -0.0304538 -0.705106
0.40582 0.46407 0.408098 -0.0104692 -0.93694 0.157491 0.255262 0.510107 0.33584 -0.0682734 -0.80345 0.0947632 0.789338 -0.876964 0.700355 -0.373545 0.409222 -0.386075 0.421753 -0.190037 -0.0481154 -0.16464 0.873069 -0.266032 -0.1549 0.403922 0.242173 0.588713 -0.072333 -0.371478 0.478569 -0.378379 -0.397202
0.361711 -0.202264 -0.239938 -0.594276 -0.504959 -0.587626 0.866795 -0.57447 -0.29463 0.0446468 -0.181064 -0.358304 -0.498446 -0.246571 0.255168 -0.977305 -0.553959 0.359339 0.202062 0.678859 -0.314201 -0.754317 0.410533 -0.769646 0.121498 -0.288466 0.416929 0.56045 -0.0247663 0.55661 -0.694704 -0.508531 0.58319
-0.182554 -0.13002 0.239792 -0.20131 -0.160998 0.516683 0.189149 0.383148 -0.234912 -0.294226 0.489246 0.275709 -0.119057 -0.443535 0.418765 0.334391 0.260787 -0.0280207 -0.376135 0.360663 -0.176156 -0.22022 0.0916737 -0.351438 0.444629 0.077222 0.286924 0.326809 0.0971836 -0.349813 -0.110126 0.332527 0.152966
-1.08249 -0.454932 0.343398 -0.467658 0.606915 0.34401 -0.347041 -0.24578 0.677614 0.46028 0.55886 1.2677 -0.177147 0.26924 1.06006 -0.0813849 -0.12699 0.421417 1.00736 0.516421 0.312 0.555415 0.415715 0.705886 -0.184139 0.738642 -0.0420761 0.575604 0.306011 -0.636668 0.277917 0.570453 -0.556697
-1.24513 -0.231899 -1.16394 0.608242 -0.159442 -0.754784 0.681043 -0.92981 0.230108 0.092752 0.152901 0.892473 -0.0367451 -0.33903 0.371799 1.02008 -0.00318583 0.393272 0.797244 -0.027054 -0.00410491 0.0619513 0.342825 -0.748288 0.299962 -0.011768 0.284038 0.827034 0.106568 0.504496 0.162076 0.452336 0.565267
-0.0922388 0.494151 0.311265 -0.240689 -0.58285 -0.260236 0.408277 -0.0589472 0.221414 0.487039 0.00518868 -0.807308 0.32717 -0.769758 0.141696 0.315508 -0.861182 -0.0981804 -0.342684 0.579392 0.0891929 -0.116936 0.182422 0.227858 -0.461968 -0.0197766 0.284534 -0.319033 0.139548 0.172595 0.468269 -0.623526 0.0107662
0.219551 -0.144998 -0.69894 0.0571043 -0.152659 -0.370105 0.0430147 0.541307 0.496751 0.109031 0.256775 1.08695 -0.0571326 -0.343209 -0.441402 0.608101 0.117801 0.694449 -0.549932 0.366228 0.216356 -0.498887 -0.588555 -0.313457 0.572572 -0.410243 -0.571311 0.282527 0.55792 0.0284178 -0.389629 0.307194 0.266272
0.225933 -0.010352 1.15704 0.560513 -0.223681 -0.384769 -0.178076 0.126287 -0.740535 -0.360308 -0.00222426 0.265687 -0.0148248 -0.319534 -1.17943 0.542395 0.447522 -0.49967 -0.290531 0.454728 -0.0502648 0.232821 0.426587 -0.0999377 -1.3496 -0.529675 0.021797 -0.561367 -0.237781 -0.740652 -0.594622 -1.37411 -0.0724435
-0.22487 0.127738 0.289391 0.251702 0.0937474 -0.0516385 0.359461 0.486444 0.418016 -0.108252 0.328282 -0.429242 -0.0146296 -0.313842 0.000522089 0.349286 0.16346 -0.260839 0.39726 -0.129996 0.157357 -0.0806261 0.0754401 -0.4683 -0.61214 0.35632 0.000192058 -0.188323 -0.418407 -0.00558563 0.414256 -0.364104 -0.128078
-0.250667 -0.00618479 1.24559 0.85344 0.0938382 0.14085 0.975067 -0.28948 0.922417 0.418233 0.214372 0.500151 -0.423009 -0.493452 0.288246 0.525354 0.294161 0.292289 -0.572269 1.41323 0.393674 -0.481316 -0.81677 -0.465948 -0.150034 -1.32903 -0.122925 -0.315929 1.30672 0.630909 0.465177 0.172941 -1.93723
-0.177169 0.168032 -0.357804 -0.0651076 -0.255065 -0.592082 0.287697 -0.587037 0.293704 -0.017199 0.0797328 -0.153265 0.529641 0.344657 0.142552 0.445243 -0.345689 -0.1134 -0.117921 -0.139901 -0.153296 0.147626 -0.175349 0.133974 -0.463635 0.466492 -0.0236766 0.177451 0.20747 -0.590106 -0.341006 0.0110094 0.045845
-0.358671 0.707253 0.0372968 -0.380975 -0.362145 1.20077 -0.697074 0.324918 -0.301332 -0.0430717 -0.576361 -0.232209 -0.689205 -0.944669 -0.0356084 0.0845773 -0.60677 0.708697 -0.0460687 0.706198 -0.737011 -0.303619 -0.57053 -1.01366 0.50016 -0.371345 0.652243 -0.59109 -0.908795 -0.282163 -0.18384 -0.266485 -0.915991
-0.780438 0.894153 -0.203229 -0.271664 -0.585302 -0.0272247 0.162027 -0.0698253 0.378 -0.0322608 -0.0168648 -1.08502 -0.042976 -0.294305 -0.178523 0.514296 -0.43109 -0.362237 -0.586662 0.462631 -0.648268 -0.509011 -0.166558 -0.158952 -0.7499 -0.0654427 -0.263478 0.108724 -0.193571 -0.312122 -0.170884 0.111513 -0.527544
-0.535143 0.309185 -0.53526 0.513096 -0.46363 0.308219 0.394833 0.634602 0.169813 0.654197 0.249434 -0.51026 -0.214564 0.338711 -0.187167 -0.13367 -0.0651213 -0.254195 0.422288 0.293791 -0.220042 0.605324 -0.442202 -0.304952 0.598046 0.211348 -0.0326863 -0.058477 -0.588906 -0.4532 0.189001 -0.234438 -0.408404
0.477953 -0.273073 0.0616039 -0.247181 0.80812 -0.27745 -0.00715444 0.254728 -0.720318 -0.329314 -0.414229 0.379284 -0.814839 0.474743 -0.422799 -0.150785 -0.114253 -0.288658 -0.0379173 -0.496424 -0.533598 0.424117 -0.401019 -0.656487 -0.467608 0.0744411 -0.577764 -0.0745242 -0.456947 -0.683842 0.0628238 0.161921 -0.311903
-0.371075 0.485499 -0.171975 0.109943 -0.419695 -0.541406 -0.173796 0.142485 -0.17725 -0.488064 0.0622265 0.456332 -0.116349 -0.45333 -0.0786011 0.220675 0.202812 0.0657713 -0.435555 0.00877039 0.357403 -0.353573 0.195718 0.0237992 -0.331794 -0.159484 0.111831 -0.179206 -0.381403 0.109816 0.0780589 -0.134243 -0.0322511
0.0268638 0.628678 -0.417176 -0.985466 -0.299115 -0.515067 0.38107 -0.357825 0.0789791 -0.27407 0.219738 -0.000702515 0.0778997 0.166157 0.0440677 -0.474582 -0.263772 0.44608 -0.336801 -0.0173596 0.0541228 0.0502822 -0.196332 0.724219 -0.51525 0.363339 -0.447249 0.522085 0.0453428 -0.186386 -0.169438 -0.0697254 0.492121
0.0502543 -0.529711 -0.813097 -0.265818 -0.584742 0.525239 -0.762159 -1.19503 0.277872 -0.155336 0.24451 -0.405661 -0.0299808 -0.948942 0.259375 -0.233961 -1.22784 0.598255 0.678356 -0.0751827 0.0906548 0.0938344 0.547401 -0.31863 -0.0783799 0.163061 0.707427 0.0421199 0.879218 0.21753 -0.00987387 -0.146319 0.0158013
0.465955 -0.219271 -0.215049 0.447157 0.0590402 -0.135627 0.0396071 -0.012216 -0.467952 0.0989483 0.47667 -0.456365 -0.404566 -0.371455 -0.233077 -0.463821 -0.45717 0.512405 0.0938261 0.316462 0.45445 -0.410467 0.140162 0.13048 -0.497863 0.423737 0.110836 -0.21417 -0.165852 -0.386457 0.344015 -0.251042 -0.299007
-0.440593 -0.49556 0.36205 -0.130043 0.083947 -0.120537 -0.287472 -0.300502 -0.0962295 0.00385736 -0.229122 0.0188946 0.154374 0.154792 -0.00475782 0.156848 -0.492005 -0.231098 0.210864 -0.276158 0.569157 0.0614747 -0.336278 0.343439 -0.480859 0.0594122 -0.304311 -0.317176 -0.0388774 -0.00154105 0.0181265 0.0925107 0.168232
-0.815152 -0.501456 -1.03467 -0.835094 -0.269974 -0.409285 0.578848 -0.565953 0.116716 0.0217608 0.62843 0.144523 0.887176 -0.289105 0.355593 0.995187 0.340057 0.751744 0.697652 0.178331 0.34788 -0.355683 0.60158 0.393442 1.34653 -0.687745 0.434763 -0.454682 0.323608 0.816276 -0.643438 0.965233 0.195712
-0.172184 -0.901835 -0.599647 0.561943 0.581076 -0.168707 -0.368525 0.654219 -0.651226 -0.367206 -0.55462 0.655202 0.728014 -0.191309 -0.732182 -0.560922 0.503953 0.121266 0.161655 0.636746 0.531067 0.808178 0.343219 -0.123445 0.361235 0.539308 -0.0662774 -0.508288 0.205221 -0.294999 0.283964 0.501992 -0.524965
0.104074 0.380419 0.418209 0.51954 0.380584 0.303568 0.277475 -0.679569 -0.0354564 0.210595 0.481996 0.198439 0.267623 -0.104814 0.220938 0.534881 0.661931 0.16903 0.0160926 0.387261 0.219547 0.193943 0.118229 -0.218611 -0.199147 0.355043 0.280208 -0.0306792 -0.0317612 0.209832 0.140363 -0.157447 -0.0295911
0.23072 -0.424022 0.512955 -0.672911 1.09581 0.571207 0.770026 -0.890786 -0.269805 -0.491773 -0.655475 0.309859 0.630324 0.871034 -0.0662453 0.0350507 0.586285 0.21516 0.552635 -0.619831 -0.115518 0.506594 0.175158 1.08072 0.292269 0.0937607 -0.233361 -0.380231 0.13962 0.575901 0.768827 -0.105818 0.98282
-0.0371403 0.355978 1.29698 0.506373 -0.286826 -0.653392 0.507913 1.22444 -0.00151261 0.164216 0.140049 0.00462069 -0.0758803 -0.738501 -0.337995 -0.193831 0.759044 -0.90401 -0.218759 0.370162 -0.439771 0.814882 0.408872 0.69999 0.973873 0.684831 -0.918261 -0.996938 -1.53053 0.37158 0.424352 0.390256 1.5008
0.455554 -0.138634 0.0614926 -0.478155 -0.519911 -0.344467 0.445497 0.0236109 -0.655804 -0.634452 0.106682 -0.567634 -0.524842 -0.245597 0.63821 -0.237427 0.419792 0.207863 0.669339 0.0214107 -0.447184 -0.563175 0.382036 -0.320423 -0.608277 0.00742618 0.687686 -0.229383 0.393584 -0.360725 0.112372 -0.473965 0.2195
0.960727 0.0717703 0.86261 -0.357898 0.364385 -0.125355 0.858222 0.48966 -1.0614 -0.00141088 -0.225792 -0.449641 0.358089 0.0871758 -0.249455 -0.914658 0.264722 0.337289 -0.0780372 -0.147221 0.304859 0.832893 -0.410225 -0.205112 0.925985 -0.864462 -0.820893 -0.690888 0.360259 0.278904 -0.0447956 0.267153 -0.492111
0.0166203 1.0531 0.0496659 -0.0198955 -0.0630701 -0.917409 -0.0337784 -0.253355 0.243336 0.263385 0.225956 0.324244 -0.464031 0.61727 0.0645658 -0.5978 -0.266979 -0.213445 0.193258 -0.327157 -0.463031 0.183178 0.536316 -0.650437 0.537987 0.35697 0.403502 0.0529965 0.157273 0.00901751 0.224958 -0.476913 0.435986
0.228651 -0.661124 0.384291 0.227656 -0.0591975 -0.465644 -0.213641 0.470789 -0.642882 -0.600785 -0.721518 -0.389703 0.585987 -0.535614 0.210733 -0.608641 0.60226 -0.108691 0.0346813 0.208045 -0.121104 -0.136233 0.352158 -0.407988 -0.274789 -0.500262 -0.176349 0.429231 0.561883 -0.175883 -0.236411 -0.45264 -0.13752
-0.512101 0.561418 0.177618 0.00821828 -0.452518 0.00714421 0.486341 -0.596641 0.280477 0.310154 -0.39623 0.229189 0.644563 -0.301851 0.324886 0.026653 0.0991136 -0.457856 0.619935 -0.280515 0.41569 -0.48228 0.0460404 0.569448 -0.509694 -0.202784 0.537313 -0.183922 0.00240893 -0.302932 0.185377 0.412822 -0.366952
-0.247596 0.0507094 -0.756636 -1.00097 -1.67699 -0.0203703 -0.187811 0.413897 -0.570433 0.072145 -0.0892503 -0.607536 0.176676 1.21647 -0.109549 -1.17779 -0.352126 -0.195474 0.468897 0.396836 0.538982 0.411146 -0.0949341 0.651657 -0.233035 -0.151751 -0.36785 -0.0413182 0.866383 0.357953 0.129095 -0.0769751 0.765491
-0.145844 0.747943 0.713602 0.550442 -0.500556 -0.557653 -0.876488 0.944359 -0.457726 0.320244 0.914092 0.170005 0.552271 0.470696 0.282834 -0.780756 0.408598 -0.527932 1.00353 -0.0675068 0.0734152 1.04386 0.767075 0.731824 0.97996 0.206188 -0.227857 0.531682 -0.656295 -0.346285 0.19031 0.00204941 -0.0367042
0.483411 -0.25004 0.892019 -0.20381 -0.49769 0.867412 -0.414719 -0.506219 -0.872561 -0.438939 1.53775 -0.0987317 -0.46479 -0.512428 0.351295 0.789565 -0.955213 1.13598 -0.320849 -0.785232 0.509066 0.950532 0.0604066 -0.28896 -0.0956749 0.778648 -0.310465 0.207775 -0.407879 0.349738 1.01621 0.621113 -0.156575
-0.137994 -0.116844 0.111318 -1.0333 -0.190133 0.846842 0.375012 0.303175 0.257331 -0.0499965 0.0376494 -0.968743 0.100743 -0.256243 -0.202897 0.58871 0.0145657 -0.405962 -0.115135 0.120679 0.230322 0.114932 0.294413 -0.110827 0.0271523 -0.811187 0.233028 0.482304 0.114478 0.133076 0.531051 -0.649071 0.892661
0.210539 -0.710058 0.521058 0.267082 0.762849 0.313561 0.388171 0.879539 -1.04585 0.143091 1.09802 -0.849789 0.418688 0.586236 -0.245577 0.17794 0.717986 -1.22458 -0.169996 0.0356549 0.894553 0.824823 -0.945692 0.231398 0.0532204 0.579109 -0.0744598 0.290168 0.0557451 -0.0960321 0.112805 0.380889 0.500118
0.069709 -0.55598 0.765282 0.94171 0.596162 -0.950757 -0.747282 -0.126008 1.1407 -0.43163 0.0402498 0.163587 -0.0511191 -0.0310412 -0.802698 -0.743755 -0.430216 -0.345325 -0.486072 0.608943 1.3856 0.664126 -0.555322 -0.524134 0.943297 -0.262266 0.0990404 -0.57421 -0.485768 -0.753388 -0.040973 -0.529581 -1.0723
-0.630758 -0.203435 0.0568836 -0.341781 -0.131574 0.431077 -0.94967 0.392407 -0.170542 0.0907953 0.550972 0.0868216 -0.811492 0.0309672 -0.310227 0.182644 -0.467095 -0.100654 0.0744243 0.678889 0.245882 -0.139633 0.409184 0.229595 0.398677 -0.0936164 -0.353912 0.276581 0.420674 -0.325246 -0.377369 0.556821 0.104153
-0.6053 0.0933026 -1.05699 -0.804188 0.942363 0.122611 0.114883 0.849943 -0.409743 -0.206726 0.994965 0.359446 -0.110992 0.454081 -0.867811 0.225482 -0.0972235 0.301267 -0.332285 -0.246243 0.775282 -0.857029 0.0470872 -0.628255 -0.0156574 0.0895032 -0.374359 -1.27653 0.755151 0.818523 -0.382318 -0.554702 -0.347376
0.199376 -0.242313 0.181963 -0.302325 -1.40198 0.38892 0.0210124 -0.0657494 -0.169013 -0.468048 -1.18589 -0.968767 -0.422792 -0.221067 0.0301287 -0.293367 -0.496196 0.405935 -0.286085 0.366691 -0.865131 -0.33787 -0.396231 0.477056 -1.07279 -0.488612 0.492405 -0.219219 -0.187907 -0.489422 -0.163098 -0.599418 1.44903
0.205262 -0.595871 0.782271 -0.45609 1.26478 0.6577 0.447278 -0.193635 -0.774413 0.395049 -0.0867301 -0.346954 -0.355005 -0.311984 0.52397 -0.965702 1.40391 -0.880245 -0.71384 0.901302 -0.728406 0.846191 -0.0893569 -0.412845 0.169251 -0.672085 0.640732 -0.121352 -0.196483 -0.0901286 -1.26984 -0.555219 -1.41326
-0.312235 0.994205 -1.76563 0.802141 0.798372 -0.889194 -0.686094 0.223715 0.271869 -0.31966 0.154905 0.624633 0.120726 0.145612 -0.963244 -0.188049 0.509769 -0.684025 0.171964 0.191487 -0.590351 0.198926 -0.388309 -0.170635 -0.475892 0.858673 -0.697168 -0.57224 -0.0963887 -0.242958 -0.707088 0.169497 -0.0860384
-0.490565 -0.0611657 0.0354699 0.457115 1.191 -0.0209328 -0.664541 -0.839776 0.613127 -0.335026 -0.0295746 -1.21405 0.21231 -1.37535 0.833053 0.716748 -0.679223 0.196164 -0.955552 -0.766642 0.26237 0.56638 -0.105339 -0.157229 -0.25594 0.635631 -0.336024 -0.0294068 0.74383 0.18686 -0.376284 -0.0512322 -0.833855
-0.752894 -0.42842 -0.417986 -0.41994 -1.03487 0.0250441 -0.172448 0.232268 0.719596 0.444746 -0.24569 -0.0573986 -0.0209158 -0.253254 -0.0474268 0.28636 -0.581144 -0.165014 0.0707811 -0.493665 0.304885 0.0319865 -0.0127185 -0.468236 0.149649 0.29668 -0.310356 0.129698 0.727107 -0.205222 -0.118594 0.411185 0.366748
-0.181564 0.368877 -0.0205576 0.615945 -0.410631 0.605097 0.514995 0.263848 0.0317674 0.665986 -0.577182 -0.0249247 0.353727 -0.13499 0.465329 0.489552 0.288413 0.443191 -0.222917 -0.302909 -0.603521 0.191959 -0.540881 0.255456 0.559426 0.222912 0.124633 -0.416018 -0.343702 0.146819 0.00261623 0.272104 -0.270699
0.560156 0.0162819 -0.253893 0.0950673 -0.296868 -0.430853 0.384395 -0.411054 -0.068114 -0.232496 -0.482612 0.183337 -0.372711 0.315245 0.0767665 0.721293 -0.245789 0.123031 -0.447593 -0.594034 0.0744442 0.380248 0.39554 -0.0812396 0.0452039 0.317691 0.118914 -0.267444 0.135856 -0.0984091 -0.20527 -0.357206 0.255917
0.525829 0.117544 -0.139819 0.626937 -0.02909 0.257355 -0.0786103 0.300185 -0.682242 -0.329935 0.372338 0.214716 0.265414 0.0881415 -0.337656 -0.0810081 0.425057 -0.141127 0.136405 0.445472 -0.477907 -0.45383 0.165066 -0.327159 0.243999 -0.0209642 0.307646 -0.0990491 -0.560512 0.424351 -0.398157 0.251944 0.0846752
-0.459403 -0.0936818 0.142036 0.0883421 -1.5341 1.05528 0.440892 0.485539 -0.577169 0.0224744 0.431854 -0.242314 0.129919 1.19311 0.514591 0.474761 0.345891 -0.779162 0.407647 0.483372 -0.659011 -0.55198 0.469738 -0.197163 0.305911 0.46887 0.546108 0.367953 -0.890402 -0.46262 -0.370326 -0.291066 -1.80898
-0.000112224 0.232138 -1.71381 -0.312592 0.209813 -0.706808 -0.347415 -0.0240672 -0.336849 -0.593144 0.314045 -0.613643 -1.31954 0.193139 0.860016 1.56782 -0.564376 0.370549 -1.74604 0.317831 -0.953744 -1.55988 -1.32252 -1.14202 -0.880631 -0.497443 -0.434852 0.191458 0.747048 -0.343299 0.355694 0.0176479 -0.205765
-0.118432 -0.152081 -0.306145 0.049484 0.327663 -0.238058 0.533968 0.130838 0.719508 -0.49572 -0.423291 -2.17301 0.62262 -1.84059 -0.451019 0.291266 0.284148 1.30532 -0.769602 0.356068 0.725991 0.629652 0.340558 0.0660113 0.366354 0.527649 -0.371558 0.15507 0.11405 1.02335 0.451484 0.0671114 -0.439296
1.45574 7.11208 -4.32215 3.22384 5.25763 6.2195 -6.12423 6.35711 -2.82793 -2.59046 4.00212 4.28521 9.56293 -2.33761 -8.26874 -0.580471 5.23842 4.25704 -7.27253 -4.36321 -5.46417 -5.3776 5.66626 4.48173 -7.70052 0.204904 -3.43477 10.1303 6.27536 3.7536 -4.63187 -1.96667 3.88359 5.71382 -10.0812 0.180969 -1.11332 -2.43736 -3.11655 7.90613 7.02881 -7.17072 -4.7289 -0.223239 6.63644 4.07856 6.37719 -5.40324 -5.96013 -3.5521 3.23681 -1.25811 5.47361 -7.14842 -4.92228 7.16892 3.59901 3.70004 5.74618 8.30766 -6.54095 -7.84177 -5.08327 6.24533 5.25509 -4.51119 -3.40578 -4.76109 4.937 5.71042 -7.13473 -0.978195 -7.32624 5.69191 4.52602 5.96202 -4.04494 7.92071 -5.72073 5.92245 -4.1112 5.29999 -5.77617 -10.7393 -6.09402 -6.40944 -5.71166 6.7231 7.76485 5.12574 3.97304 -8.33207 4.13883 4.82281 -5.17405 5.24468 -3.73747 3.1875 -5.78393 3.91047 -4.09643 -6.35597 -5.52573 2.60344 -4.9782 -5.7458 -3.92297 -5.89732 -5.9728 -3.1326 -8.41246 1.76321 -6.93333 -5.63816 4.26143 -5.19118 -2.24993 4.48986 -5.17374 -0.276376 -2.80957 4.44266 4.9969 -3.06054 5.50911 9.70867 -5.26521 6.75493 -3.56494 -6.73516 5.60262 6.31543 6.6621 5.34298 -6.90573 5.99121 -7.82601 4.6111 -5.44801 -7.44797 -6.2005 -6.03645 8.29599 -4.80535 -6.08826 -1.79436 2.73728 4.88373 -8.60328 5.30912 -1.20568
